          ba-apr    ba-may    ba-jun    ba-jul    ba-aug    ba-sep
ba-apr  1.000000  0.946188  0.901090  0.860036  0.834672  0.802802
ba-may  0.946188  1.000000  0.941807  0.899174  0.862062  0.828271
ba-jun  0.901090  0.941807  1.000000  0.937995  0.892050  0.857684
ba-jul  0.860036  0.899174  0.937995  1.000000  0.938532  0.901664
ba-aug  0.834672  0.862062  0.892050  0.938532  1.000000  0.950307
ba-sep  0.802802  0.828271  0.857684  0.901664  0.950307  1.000000