MAE RMSE F1 ACC MAP AUC NDCG
100.0  95.7  9.8  84.6  43.5  47.4  40.4  
95.7  100.0  8.3  80.8  42.4  45.4  38.2  
9.8  8.3  100.0  23.4  13.8  15.3  13.9  
84.6  80.8  23.4  100.0  27.2  39.4  32.4  
43.5  42.4  13.8  27.2  100.0  36.7  53.6  
47.4  45.4  15.3  39.4  36.7  100.0  30.6  
40.4  38.2  13.9  32.4  53.6  30.6  100.0  
